100
21
19 20
2 1
22 3
3 25
2 3
25 9
6 22
28 11
26 9
5 8
8 9
9 3
11 13
15 18
26 16
6 14
16 7
3 0
25 0
25 6
7 20
24
5 12
10 24
20 14
19 10
11 21
22 14
25 24
9 2
20 12
18 16
24 28
1 19
6 24
19 29
28 26
1 2
26 3
9 3
14 8
21 28
13 25
11 13
15 0
12 12
5
1 28
22 26
19 12
10 8
20 10
13
14 8
3 8
11 3
11 12
2 17
4 25
8 7
8 15
28 16
14 20
13 18
3 2
21 17
9
23 28
5 23
8 1
26 5
8 11
14 8
2 18
22 9
18 10
6
26 18
0 28
8 10
12 6
23 11
15 25
5
8 18
11 18
15 8
19 7
7 16
24
1 4
26 5
15 11
21 26
16 11
13 14
20 25
6 25
20 5
19 21
22 0
11 7
15 0
12 10
9 23
19 8
13 11
14 15
4 21
2 6
12 20
15 16
3 2
29 14
16
18 27
19 16
20 18
25 12
24 22
2 18
7 2
7 5
19 14
10 28
23 17
29 1
8 1
26 23
23 14
12 12
13
23 21
11 21
16 27
13 25
27 26
3 7
15 24
14 10
20 5
20 23
15 21
22 21
10 8
4
22 23
19 10
26 13
16 10
7
12 19
7 29
6 1
26 11
21 13
19 2
17 11
10
2 25
9 23
3 11
26 7
10 17
23 15
18 28
13 9
13 29
6 12
15
9 19
2 25
19 0
4 13
15 6
9 21
22 8
3 12
8 21
1 20
13 16
4 29
5 15
20 3
1 17
4
11 28
1 14
3 11
7 6
22
20 21
29 19
1 12
4 24
15 1
17 27
19 20
27 13
8 24
11 18
7 10
21 10
3 22
25 24
24 9
1 27
16 14
19 22
17 9
3 15
12 24
6 20
29
4 26
4 25
29 14
21 14
27 1
4 5
23 22
16 5
6 20
29 22
11 21
8 0
3 26
1 24
0 16
12 2
20 26
10 8
15 19
12 24
29 12
26 16
21 14
27 4
27 20
11 26
18 0
19 11
5 22
12
27 0
4 22
4 24
26 12
19 15
27 20
12 24
20 5
19 26
15 25
14 9
12 11
5
15 22
6 25
15 12
1 6
2 0
17
6 26
12 22
4 26
20 1
7 8
27 2
19 26
27 12
16 3
2 1
16 8
14 27
5 20
21 12
14 27
15 9
1 12
10
27 8
20 29
28 6
3 23
12 24
13 15
23 8
2 14
22 1
7 29
8
19 26
15 25
4 25
0 1
20 27
25 8
21 11
9 23
25
25 18
25 18
18 8
14 19
12 20
12 28
2 20
1 0
16 28
2 19
19 9
29 22
17 19
10 11
12 2
20 16
27 8
8 15
26 7
20 23
13 9
29 2
24 16
6 22
11 10
2
0 19
11 22
30
22 1
3 14
1 4
4 15
23 20
19 13
28 19
28 9
3 3
19 19
12 28
0 17
18 15
8 12
23 2
4 20
4 7
3 29
15 27
9 8
13 0
19 29
0 3
6 10
29 4
2 18
5 3
11 24
6 23
18 19
13
22 1
5 28
2 13
20 25
4 2
7 20
10 25
26 10
16 20
11 0
24 4
10 7
18 10
15
7 17
8 13
27 8
5 7
1 11
1 22
19 25
2 22
24 14
10 12
20 6
17 2
18 25
27 16
4 29
15
3 16
16 20
9 3
1 15
16 20
14 23
12 11
5 28
14 27
29 9
0 20
29 24
12 17
6 16
12 3
27
16 11
28 10
20 19
20 13
22 2
8 14
18 25
1 28
12 7
7 10
2 2
24 23
5 19
25 10
22 1
12 8
18 0
20 2
16 0
25 2
8 0
25 3
24 27
4 26
29 6
1 3
26 1
13
24 13
8 27
19 25
29 16
27 12
2 2
10 19
6 26
5 10
5 10
4 24
28 24
23 2
20
16 3
20 20
6 29
0 17
29 23
23 8
27 11
5 17
27 9
15 1
6 29
4 17
13 0
21 20
5 16
11 15
27 14
13 2
19 26
19 5
20
12 6
3 21
26 29
18 4
20 28
4 17
14 7
21 27
10 4
2 29
10 17
6 16
21 4
16 2
22 27
25 26
18 26
18 20
25 14
12 28
25
9 16
22 14
27 28
8 18
20 26
29 25
1 6
20 25
11 4
18 9
4 8
26 6
16 24
19 10
15 15
23 26
3 16
14 15
3 0
19 22
9 16
14 10
5 10
6 4
5 17
5
9 17
13 23
1 4
15 15
0 8
9
8 1
8 7
7 22
6 4
12 18
28 15
26 26
23 26
13 24
28
22 11
26 0
4 5
20 27
28 11
15 13
21 21
0 14
14 6
12 26
0 2
23 20
16 26
11 19
24 10
13 2
2 16
21 9
29 28
9 3
8 27
18 17
1 22
20 10
28 15
10 2
22 28
17 3
23
20 22
16 3
16 22
24 2
15 18
9 14
24 10
19 6
16 3
26 3
23 19
9 4
14 17
2 8
17 17
1 2
27 7
0 9
3 6
24 16
1 18
20 25
1 17
18
9 12
0 4
27 20
0 4
10 15
17 0
9 19
20 11
1 16
8 29
2 7
23 17
10 12
3 18
11 27
1 4
1 12
3 1
28
25 28
8 5
14 17
26 28
10 26
27 4
13 2
26 26
19 22
2 1
4 29
10 21
22 0
1 22
17 15
13 22
19 12
29 22
12 4
22 17
22 22
16 11
7 27
19 13
14 18
17 21
12 10
2 27
30
26 11
29 11
25 18
7 3
25 9
21 3
25 12
4 5
22 6
13 23
12 27
3 1
10 3
7 5
7 7
11 3
7 3
13 2
5 2
3 13
16 22
5 24
21 12
10 1
25 5
24 24
17 29
25 27
2 28
27 2
3
0 28
27 5
11 2
29
24 0
22 24
10 2
14 27
21 1
29 25
11 8
7 23
13 20
18 2
27 15
17 8
8 17
14 15
26 3
3 5
29 12
14 25
15 9
2 21
16 28
6 1
25 19
9 5
0 0
15 20
28 27
14 25
2 28
15
28 23
26 25
24 2
16 14
21 25
27 7
15 19
17 21
8 4
14 14
14 8
15 26
16 3
9 10
12 14
11
2 8
26 24
10 4
13 2
23 27
17 20
6 4
13 8
16 2
8 28
4 16
30
8 1
4 20
5 17
9 8
11 5
23 25
28 7
20 26
11 25
12 11
9 16
21 12
20 11
20 11
16 28
0 24
7 16
25 4
12 4
9 4
0 15
23 24
20 28
15 5
16 2
10 20
24 17
21 1
13 15
13 11
6
5 27
4 7
2 1
6 8
9 7
29 21
10
19 6
12 8
2 4
16 20
8 12
6 11
18 29
2 11
2 1
29 21
13
0 18
18 3
2 6
28 20
16 23
12 26
8 24
27 9
17 29
29 1
29 28
16 20
14 10
12
27 4
27 9
1 15
26 23
25 8
28 16
24 11
15 24
3 10
7 16
4 24
15 1
10
5 0
3 11
13 19
16 7
5 14
15 24
20 28
15 23
13 28
22 18
11
24 4
20 3
19 2
25 24
19 4
1 25
28 22
5 20
28 28
25 19
26 14
8
12 4
24 22
11 25
25 8
3 15
27 28
9 27
22 14
16
9 3
17 14
26 0
28 22
3 17
1 15
0 29
3 28
22 22
25 29
24 1
26 10
0 15
24 23
7 14
9 0
2
26 6
25 16
3
12 6
13 13
4 5
23
8 3
18 20
15 29
23 11
7 18
18 0
17 0
29 2
11 9
7 15
24 7
9 2
6 0
14 14
10 12
7 19
9 18
9 17
28 17
5 25
25 5
27 23
25 4
2
28 13
21 4
12
15 28
28 6
20 14
18 4
16 0
11 25
13 17
4 20
7 11
9 9
2 25
29 28
5
5 17
21 9
6 18
3 19
9 4
20
14 24
25 5
23 22
9 28
10 28
1 14
15 18
13 2
1 10
21 12
9 18
9 1
29 27
23 20
29 4
28 10
8 13
27 15
13 23
21 7
11
14 13
28 12
17 17
18 8
0 29
1 28
29 23
22 28
21 19
18 26
25 24
19
2 24
9 21
28 16
2 22
6 11
2 6
23 23
3 10
2 14
15 23
22 25
18 14
27 11
0 6
23 13
7 24
7 26
4 16
8 6
10
7 9
11 4
27 0
26 14
16 11
19 19
12 4
14 25
22 23
15 20
16
1 14
10 5
14 9
7 6
12 14
21 16
20 8
5 14
2 4
12 8
27 21
25 16
0 14
29 11
26 13
27 27
21
29 24
8 29
6 5
9 15
6 22
4 17
14 12
14 8
21 22
12 6
23 7
0 26
25 4
23 13
2 22
17 13
4 1
28 17
2 10
24 29
16 1
27
0 13
28 29
20 14
26 26
19 20
12 15
10 16
9 25
27 25
4 14
18 20
18 13
16 20
14 17
25 9
22 5
5 17
23 12
0 17
7 20
27 12
28 19
6 29
24 29
5 25
15 20
4 23
23
12 13
19 4
21 21
5 17
22 8
2 10
10 9
9 14
11 14
4 28
27 10
27 3
0 22
0 9
13 23
28 25
22 17
0 10
19 13
14 28
8 11
12 8
14 10
19
25 25
29 4
1 27
16 25
25 23
23 26
1 11
1 11
3 19
11 3
22 8
14 9
9 25
8 22
6 20
15 21
25 23
13 6
23 18
21
19 12
27 25
27 22
23 0
25 8
19 27
11 4
18 21
0 7
7 3
9 20
27 20
8 25
8 26
19 26
0 7
25 8
0 20
20 14
22 16
5 16
13
8 20
0 24
25 15
22 3
5 7
5 5
13 0
0 1
20 9
2 7
24 21
13 22
12 8
29
28 22
26 26
5 10
11 12
7 12
27 6
11 7
12 2
15 3
3 5
25 16
10 3
27 8
22 2
15 28
12 13
2 5
16 0
13 29
3 19
25 12
19 0
2 29
24 23
28 9
18 28
23 16
24 28
23 12
28
8 10
15 14
8 5
13 15
28 7
10 2
20 3
22 3
27 11
5 16
6 7
17 25
18 22
17 7
0 1
3 17
1 0
6 18
4 9
8 11
14 24
27 19
14 26
7 12
20 11
10 4
0 26
19 27
9
28 27
27 11
15 15
9 20
18 3
29 10
19 29
5 24
21 0
8
25 14
25 0
5 15
12 6
25 5
15 1
21 22
12 27
17
2 12
7 29
10 20
19 29
23 29
29 25
18 6
2 5
0 11
16 17
29 28
24 13
28 22
5 8
20 17
29 26
25 22
14
5 12
24 28
13 4
25 11
21 11
13 0
23 2
10 23
14 21
7 23
14 29
4 16
28 1
23 0
27
22 18
23 25
11 12
17 20
7 22
14 28
12 0
23 8
19 27
11 6
6 12
26 10
7 22
12 20
13 29
17 3
21 27
1 3
23 2
17 18
16 22
22 23
1 20
17 15
14 20
25 29
1 20
7
8 4
16 25
8 8
17 20
3 27
28 20
5 5
21
28 14
7 25
15 12
28 1
13 25
16 12
24 8
14 17
18 28
14 9
10 18
5 26
29 7
6 18
15 27
11 14
9 5
18 19
20 17
4 8
12 3
15
6 4
10 29
9 4
18 19
29 19
17 15
14 29
27 5
20 11
15 11
13 26
6 4
16 22
26 14
26 19
12
2 15
25 29
9 6
16 7
28 20
7 1
8 27
24 12
25 11
26 6
11 13
11 22
9
25 8
20 29
29 21
15 5
23 28
29 21
7 0
28 20
19 1
25
24 9
20 12
10 11
24 9
1 21
16 5
22 10
22 7
6 13
28 27
12 27
26 11
10 12
3 8
28 11
20 21
3 14
25 3
12 6
27 19
16 13
15 6
13 0
5 7
27 20
15
9 17
5 6
8 14
17 6
26 20
2 8
3 10
5 5
9 9
29 16
24 15
0 5
18 24
21 0
27 0
27
28 9
7 22
0 12
21 13
1 12
15 29
25 3
8 12
14 4
25 16
2 29
21 0
11 26
17 13
2 11
21 25
9 1
5 28
3 1
14 27
18 26
29 21
3 13
10 29
15 9
8 5
28 17
13
9 5
14 5
8 12
25 9
18 1
6 23
18 19
25 25
6 14
5 16
12 19
21 4
19 21
16
28 22
6 17
18 3
9 11
11 0
26 10
28 12
11 11
22 10
5 28
4 28
4 14
26 24
7 8
20 9
23 26
19
29 5
15 14
15 3
14 8
4 26
16 19
22 7
29 26
24 20
25 28
24 0
26 11
18 2
22 27
21 7
4 3
17 20
15 20
28 24
22
24 20
7 11
25 23
23 25
11 15
10 13
7 11
29 21
2 1
24 19
10 1
27 19
28 22
8 17
7 22
13 0
3 23
17 12
29 28
5 2
15 11
14 16
11
14 29
23 15
1 3
5 16
14 20
18 19
27 23
23 3
8 19
14 16
3 20
25
5 19
22 10
26 12
26 7
13 17
11 4
5 8
13 27
3 18
28 2
22 27
20 1
9 3
18 6
2 21
11 14
24 29
4 25
2 12
0 22
26 7
15 3
22 24
12 20
23 26
20
7 23
5 4
13 10
20 3
27 5
8 5
29 19
23 3
28 4
4 15
4 5
21 29
21 28
2 11
26 17
2 4
8 3
6 29
3 14
11 26
7
19 23
15 11
4 14
12 19
23 12
16 18
1 22
27
12 5
15 0
26 1
26 9
9 5
11 2
21 4
26 22
11 14
21 8
4 25
0 10
25 16
24 18
11 9
15 22
14 15
16 22
1 11
8 13
15 2
6 19
3 28
13 25
25 14
1 4
7 21
3
2 0
24 11
14 12
18
0 19
11 15
18 16
21 12
15 26
7 29
27 13
0 10
16 2
29 25
17 18
11 6
8 17
3 15
29 12
23 4
20 29
8 4
13
29 9
16 27
4 20
18 21
22 7
23 20
19 17
26 3
7 17
26 5
9 22
13 0
16 13
30
12 25
26 5
4 21
29 15
11 25
5 21
13 18
12 25
7 22
11 7
14 24
12 16
25 28
4 5
21 1
18 9
14 3
17 6
21 10
27 16
29 3
13 2
20 4
19 17
25 19
5 0
16 1
0 18
15 4
27 26
15
15 5
11 1
18 14
5 13
3 27
26 0
14 27
9 23
12 23
18 28
4 12
20 12
4 14
29 24
21 0
30
29 27
0 28
9 13
10 13
16 6
24 11
17 6
15 17
21 10
21 14
10 3
24 3
7 24
15 10
24 29
26 12
2 23
28 26
1 11
9 8
11 10
16 26
5 28
1 1
15 27
0 22
17 25
11 16
19 16
15 26
