145352
54888
0
133125
5760
27134
7802
60428
4720
7147
6386
121330
122969
47020
15688
20411
948
10604
65316
38095
70592
37500
17313
21110
0
2774
9731
5947
1116
115292
22463
153380
0
9701
4252
99160
27908
89540
0
111577
73861
19567
20365
154132
29924
25113
11671
39492
15340
48969
11736
493
23899
31575
0
38207
21810
38028
76337
14842
52576
32180
97334
48805
22653
81889
23626
47839
52661
20612
51668
76554
52085
31426
25682
45062
37300
0
26423
108093
128478
26771
0
23009
133007
4693
16245
403
38082
0
29565
24094
9200
36407
1394
7219
7049
0
151763
78765
20416
96764
38615
158054
136145
8858
37160
10776
0
116779
10685
70525
0
100744
77047
64530
49705
0
83638
11744
37794
3208
47348
38209
0
112576
0
15483
10346
0
19871
0
62649
19373
26212
90285
44711
24948
0
0
0
0
166059
0
0
0
90670
90196
88548
86781
8319
18416
116076
0
4260
0
18123
0
42509
82488
21040
5449
7766
25858
0
11808
141295
69634
64776
21016
0
35737
69950
61664
115319
104541
13856
86257
0
39860
5984
64030
98022
35830
78984
24400
64090
60226
57682
95532
18153
0
109718
18024
77542
7532
53683
154446
0
54341
26738
26354
115702
0
54088
61655
0
53959
21190
0
69814
6342
61612
0
15995
23506
57607
16558
46197
51551
0
400
16161
4212
109029
13240
66831
0
96119
26829
0
20396
1414
4077
0
22542
56803
81001
11418
0
61426
10138
76778
19451
35048
30788
93042
67651
0
36728
8802
113270
0
7500
55298
60002
41252
53826
129885
12010
101125
2694
17465
71754
28104
0
0
43788
0
29111
122138
6570
26321
26279
135748
26153
78524
142430
141144
96588
27420
0
60392
0
23415
3414
11639
53858
100118
45166
165046
0
44528
5141
113094
67590
51178
0
36802
36370
1472
8134
94116
57215
17873
13966
11869
0
24780
50516
30956
5056
79858
80283
0
52298
84816
122946
0
168786
2250
73450
31956
107308
0
138182
43805
0
81021
32997
55614
23862
0
58718
32568
0
135716
5177
12567
80448
7280
19018
58364
14052
66721
51560
147945
6463
118306
89029
16479
6684
133608
0
121238
23209
7290
8812
16968
132622
50440
57436
120643
24066
77342
0
0
115656
0
0
0
122580
72270
99895
0
21942
18411
123640
81346
137312
80679
2968
38553
12187
242
102599
67815
0
12652
48356
67299
26025
114205
116361
51705
76580
54185
23357
62435
107224
87249
10429
97590
10171
0
87571
30448
0
66201
2988
18120
118114
15581
117358
45026
3204
83088
0
0
8683
6918
2224
27253
13817
12368
26834
30120
104164
0
35924
0
28153
6708
16650
13124
26832
69356
39845
0
43843
52786
33203
986
0
41972
58342
1516
64269
59977
6200
55798
7978
23154
59997
7084
0
0
24056
61054
33123
22278
71165
67329
1789
10285
48685
18454
65191
8800
0
0
11621
6889
4039
52108
15819
2164
24124
36678
81166
13668
11024
0
15552
94704
35342
100515
58775
27732
107230
51584
45896
10000
28712
42042
0
21874
161067
36499
21284
143580
9141
27363
29654
0
134319
84836
81043
0
0
113139
19335
55576
37219
159840
30854
58170
40146
122116
84397
48109
13730
25828
105368
307
82704
28591
43196
16411
51604
94417
63776
36687
0
8194
25595
118678
6513
48545
2166
0
99314
80324
0
0
14407
125492
111966
39143
0
93205
0
6158
9556
70305
26595
44198
26418
39984
13377
59084
67681
125870
10943
58046
12295
9252
5976
89622
37846
33781
76309
111211
0
18499
47175
21074
54952
22376
1442
76190
54309
0
157
40154
9446
34589
15836
16495
30476
183848
42070
56175
0
23078
0
97746
11269
32580
104627
65294
46335
0
201420
85300
11081
12060
11795
0
47386
9368
17245
32829
46051
0
0
18616
16709
6630
0
44732
43369
1029
35202
27855
55118
59189
0
27494
152238
73203
106700
0
77000
85666
56406
2937
46758
1142
8114
74142
0
25114
163031
24680
0
85299
0
0
2412
46
19618
0
105255
81010
0
45950
48303
193748
25897
14842
23643
37382
0
26675
21696
31522
0
0
61869
0
111536
73450
3877
4520
0
25623
16281
28237
6370
1110
0
197632
31375
0
8397
11684
0
4066
49182
10023
773
22980
7423
67888
19300
12977
25468
0
147357
0
4109
116712
20192
21840
69128
0
40383
67920
89732
0
19900
82194
194301
41454
66892
0
171300
14742
0
11650
0
130524
0
38769
21116
120226
4858
0
31403
115950
34508
7511
25737
11285
3713
35635
0
48552
0
0
13692
37284
43972
608
39840
113602
111119
14294
71494
16994
16443
41
72651
0
123972
17554
30031
7683
6710
0
25084
0
135120
90421
13938
32957
6658
41926
48456
0
124644
86595
34374
39087
30708
6201
9628
59683
71995
28557
8041
81205
0
0
27729
29368
59961
24678
7744
3831
56974
26363
63450
812
11940
37878
24825
30578
0
1437
151
0
49815
0
2479
10104
7995
41248
20937
18146
553
20414
51560
116
45006
50474
32457
8154
38415
5212
43308
0
19390
89487
0
40366
16641
0
4393
92898
144494
14096
0
45677
86523
46834
7923
6374
8332
6530
0
63668
0
128138
5184
133369
122803
18088
51192
0
19731
472
0
14147
92092
0
0
0
79624
27887
125098
91145
44517
38363
3618
21284
29142
0
0
31839
83245
0
35116
16098
14733
61264
11589
0
0
48726
14033
56492
102140
3148
40867
60674
0
30973
17168
5058
0
2516
2969
23994
3244
12423
98829
1547
8994
32342
0
125176
0
2142
0
0
22197
102125
71841
0
88284
0
937
31650
20091
0
0
0
133511
131527
9242
198809
448
26203
117837
75270
139472
16285
37521
51312
0
88120
5572
52618
53839
27527
17443
17976
30283
84617
192489
40590
69921
121043
206527
64649
4346
60829
57516
0
80391
40570
288
11959
18245
75003
28563
65651
92240
123536
56908
77679
408
14454
0
118568
126409
31052
8135
182689
4799
43158
87
22892
0
68383
25950
12790
0
67319
0
62396
48205
0
40410
21564
14016
0
79260
1915
105891
177879
192750
42064
49864
27783
80
0
21294
0
166199
0
4318
29886
130845
182873
14783
29441
29278
51700
23518
0
14018
124351
78475
10443
0
24733
1921
154239
65501
55043
42791
57654
5141
8314
123665
109910
29460
26460
40557
128493
151765
95401
0
132110
7906
33966
25390
81851
60612
1398
17320
56634
43797
37744
0
43884
0
32973
60706
84998
1319
131794
24640
32754
0
3957
0
83047
64578
25185
155692
0
26662
117450
0
23265
185580
40898
131231
7358
0
39004
64872
10783
9729
21373
1740
16183
0
0
115467
84840
104101
12905
0
49580
82457
93900
41341
23160
0
0
5688
188550
0
5437
4102
1940
1252
14145
2416
14534
42373
77571
2938
21461
26509
6066
1396
77452
56629
100684
186811
112710
0
18786
55236
149766
29456
1016
544
30750
18182
91706
5624
102072
99475
0
27457
105819
23258
40477
76092
15020
30663
22719
13789
18117
14898
40868
31778
36698
101730
207337
2036
36253
131715
39318
0
124561
51590
57485
71611
41939
500
13674
71594
45738
12199
22003
69460
2873
88613
27704
0
64544
3530
26717
10613
0
14831
0
3024
95335
88225
28659
59210
25234
151137
0
0
17883
15297
11722
59712
70794
78434
4425
18570
86108
1520
616
149893
27599
56352
0
18062
606
0
27199
0
28811
36938
13679
19071
56073
1672
181861
14376
65871
0
818
2422
58779
68547
45144
134533
97440
2196
1566
58672
0
0
19277
46783
110210
0
35171
13120
40613
19467
2470
22149
0
15761
0
12088
15755
6245
11817
88609
697
57639
21036
143307
61813
52440
77320
0
38774
0
93183
5214
13217
136808
0
53713
15203
46130
80760
0
55487
0
64662
141084
61984
4352
0
0
1543
18886
0
27566
44313
63839
0
94699
15945
127036
0
79348
105992
1806
58845
20507
1897
70996
0
903
5726
13637
16866
69324
82917
27822
100258
24279
32573
84858
963
34921
21081
177345
21224
103190
0
11728
0
13124
65591
27152
63531
95875
0
54908
127896
0
0
0
50016
98180
1670
0
53323
19227
38343
65546
53630
25241
32756
0
3540
0
49244
28817
559
108666
1853
0
3332
20307
0
16411
26742
9070
9821
19826
69999
26360
39270
102404
0
0
19635
31579
0
31754
65693
119099
26887
113467
21118
12488
10188
0
2950
31979
7948
72531
54782
19019
2205
25169
57363
97244
58385
39484
12331
0
67311
164610
2898
0
45421
81597
0
0
151890
131488
21593
1344
65540
0
116634
0
3436
58522
51869
21571
0
0
14200
51774
235
41936
3834
32068
0
60938
0
68729
0
15780
55686
52732
4252
18267
0
27753
23346
24363
48131
94641
0
0
24997
40924
3658
10632
0
26801
29146
89430
93445
0
39892
30395
0
9192
138115
49060
80569
9225
23960
17670
2700
52039
26786
44203
111426
33259
39818
49484
5428
46624
33882
64432
71094
0
28676
54522
43761
0
5430
339
0
58867
9108
38249
53244
88412
18846
23762
0
512
11509
3761
0
16187
61658
124765
51825
69113
0
27728
72088
32533
25906
81164
26342
41047
2223
2944
69969
25795
0
28316
57803
0
29428
33788
70822
44622
42772
0
179753
69487
55651
31065
0
107457
22977
9203
105052
22353
4955
0
0
37616
13136
23487
28663
57909
55546
0
10652
0
140466
554
74171
63294
0
24960
111074
21586
10919
22602
12302
51614
74356
19099
28916
13905
52552
134700
27810
2941
25227
1824
4687
0
5850
124550
26817
30589
158925
60066
19001
19645
42841
67685
23900
64466
21090
90531
2174
25725
0
74592
0
7909
39160
64968
23831
500
8832
66929
104626
75736
37734
64711
141826
8684
16528
0
19216
37917
7032
8625
1308
30432
32666
18878
8106
117512
56930
32614
17230
91448
0
69799
80584
1167
27018
90828
10956
0
0
58492
0
6906
91165
12818
207366
0
67933
150351
70173
0
15042
22200
36166
58677
0
0
26787
5124
119640
26475
4460
23402
7364
18890
52788
9463
37264
32735
29565
12671
5778
34534
43504
128592
37840
47855
101117
180789
46548
11292
47557
6488
2228
18091
0
0
22423
35740
12694
46522
23550
73902
10653
18538
34837
5959
0
0
85119
48209
24884
103650
67971
0
74213
0
59703
2930
0
0
0
372
131020
3066
10086
33681
151083
0
0
53308
124068
0
40844
89192
26005
0
73476
144273
29195
25602
27124
24927
32620
170767
28014
55940
118355
0
17358
1830
1459
123090
40824
138615
25203
64404
84852
6084
44871
80398
19085
0
1536
10951
103407
8530
0
54928
0
0
63631
88668
51500
98510
25992
53848
81112
64250
125382
66891
60160
0
27555
2940
61446
32209
32174
62309
22935
0
112195
0
0
29450
121242
28556
22982
122246
57616
89064
121388
53583
9994
20572
0
34702
42633
7633
46565
142670
93692
13089
9978
57564
196762
484
55608
45842
83362
46432
37911
5879
41676
72460
21705
56175
15628
68172
4063
39430
33565
3714
25004
0
127172
87783
3239
78084
107876
198
11731
0
0
18452
55896
80820
48621
2321
38849
13383
2687
0
3534
0
7472
60338
128237
19581
22898
57354
0
40655
73998
30044
0
4833
4256
71757
28416
38455
27942
43224
112147
89203
1425
87973
1339
65181
31497
14096
68328
0
17224
0
3075
0
32412
0
12057
0
130515
25404
32834
29986
94140
86359
0
9970
0
0
75952
9378
99323
13199
75400
3862
0
31278
0
113842
20958
0
566
28927
76124
15112
103224
0
3232
13096
0
41033
0
17643
0
0
0
3750
16188
25972
30674
19297
11933
0
0
0
0
26798
33848
47268
16492
70739
70166
0
76917
0
18837
10506
7870
15073
97380
4488
0
30455
40140
15702
490
83982
55209
58086
0
152790
27573
57134
4860
83351
10253
23902
9538
0
27614
150
0
17301
3386
109995
27672
8574
4911
20518
80813
10902
25180
0
4976
43033
0
46050
2024
45121
137528
0
0
64857
56575
111836
7987
25015
68632
6154
173787
0
115892
42645
13889
7763
62998
38682
23457
2023
77358
108385
0
25169
33286
114708
54476
86176
26668
5360
700
3123
4227
161071
5148
101706
161571
88381
104843
18008
20911
33336
30005
45662
9508
10770
49101
17412
802
21185
10706
175950
0
172248
55292
68578
29925
0
0
82053
133425
127426
19639
60528
19312
2451
104805
42402
86874
92446
105691
45372
102486
125500
38144
0
0
6367
145285
142768
0
99800
98466
85146
45791
59282
0
6114
0
23916
101153
27152
52165
0
76142
24994
0
9479
8418
147905
0
75140
283
23081
38874
1470
24005
0
210
22002
147094
58424
25175
19701
4694
0
42916
0
0
48868
100892
62325
62505
0
4700
0
104355
30877
107603
29244
99420
129922
0
28157
7057
34076
45656
0
6366
49218
0
66737
3274
25228
0
42803
208852
12390
12246
0
0
17940
45434
0
89667
167907
2895
0
91149
69280
0
62549
13160
46791
0
1143
30848
0
68241
0
148262
4060
60574
95132
0
5880
0
29534
76007
26508
17080
0
9024
56783
0
235
169232
61641
43289
33301
85759
168319
48043
19344
35405
85523
468
97171
0
97155
4765
25697
110763
23260
21962
30928
0
0
71365
7439
0
8326
14471
97550
26735
11076
84390
179131
126426
56116
4313
4680
0
31844
12547
35932
70607
11726
55393
18202
104693
18884
4468
10794
73369
10896
0
35054
96332
107909
47145
75188
154625
37086
119839
31705
42604
13482
1927
0
231
0
9448
14903
92976
0
112235
6925
0
68780
0
48590
2697
3710
5411
27840
20827
293
28935
61715
102027
46665
0
4067
46716
84672
0
42404
0
0
4227
100863
122944
23505
55501
10770
10498
9445
53518
64389
41515
46085
123317
109504
72096
29796
149740
55550
69295
25400
41510
29355
0
8260
38888
0
148078
45299
42648
55777
4096
0
0
33301
14961
83313
138856
14788
7961
112719
69943
0
74594
24315
62934
114274
0
0
85302
61643
26050
47054
62535
171639
27079
85857
1320
18256
4793
0
61418
25446
0
9678
10112
105356
40114
29448
66495
999
37633
58468
146909
0
31769
57350
80915
10312
1486
0
147934
2150
70306
66495
164682
109193
106788
4879
11667
166084
110412
17494
31151
47536
25114
0
139794
22325
59852
79654
2090
0
102060
10862
1006
0
18066
60265
119445
9567
0
83247
0
31051
27792
20689
0
18194
11184
16548
35838
28360
0
0
0
67380
68245
0
127104
0
40112
0
9266
34272
17170
46024
50851
40070
0
149085
44122
138400
51058
3730
7029
17859
1848
16564
25501
497
120878
477
27173
97066
5762
71104
87271
0
12074
8796
18884
0
7557
202252
14189
152648
52556
5065
156672
27904
29389
12065
56060
216263
2578
141844
40472
195792
23650
2261
128365
16728
0
18708
11171
30366
88761
59169
71522
0
0
0
2217
27224
61311
13357
69
0
1161
27677
122590
92920
13830
3296
28504
26190
3461
93697
174113
74418
2040
155246
123939
22084
68340
17544
28896
165924
115884
4281
21253
50623
21044
69295
16244
19706
0
12148
13488
120965
4832
453
5683
0
39895
0
31531
29437
18988
182524
30615
30928
0
4052
77899
94254
22582
119535
114534
0
17276
34893
2008
34440
5805
138214
23586
0
10375
18968
78204
117712
21060
92478
115415
81673
575
21527
12580
57464
35285
79623
94431
27852
0
100989
26502
29974
0
0
84221
14339
23096
0
31645
117880
11264
121213
34902
29466
9723
15069
177965
0
76612
97468
16818
1568
117192
8200
34686
43251
153951
54692
29
8417
82151
54421
108381
0
74172
106819
25616
7747
94087
54084
21358
21921
98647
0
89944
80156
52557
0
0
3098
171558
28326
58792
0
23744
24498
31900
1139
30620
75444
100102
9448
52670
63907
0
82452
6977
0
152535
65298
31707
42563
39909
6108
4731
11306
20595
89442
8515
72410
27860
14451
31503
27256
5370
30224
28842
12864
10202
0
77329
83428
56943
37299
29090
38706
59427
0
62681
10575
38741
29866
79363
41194
42626
203283
12241
30013
0
0
0
0
64295
29816
7077
1476
3912
63896
0
76145
2914
32600
1079
23488
123736
62669
51410
0
0
23693
0
0
10212
0
25752
0
56428
0
9930
5221
15159
43337
93368
45236
40886
53068
10852
3630
43545
0
13249
99780
56076
0
28587
10573
0
105077
89378
86729
32282
85477
17504
96077
91864
21524
10660
0
0
44471
18092
29564
79900
47187
20646
50580
2805
52492
25658
35970
33328
31476
28996
30804
53932
11577
909
9250
20984
19439
85803
12645
63393
137802
20583
0
40205
0
186655
41859
35480
49798
287
0
21032
0
91568
63208
95923
22854
74711
19832
24072
152276
27998
10480
63380
37543
19779
42378
0
169565
142850
22539
49659
49382
48324
65359
0
80985
14272
0
0
45361
0
12357
27418
7455
10500
37584
0
44984
85752
106314
29825
42388
0
61586
16432
0
28564
28365
155715
13112
2803
36712
89636
0
12282
87817
0
50196
34378
38366
21543
20887
0
86610
19867
1826
125583
26560
13054
0
87766
66666
80756
74325
4621
86361
18583
79837
0
96524
0
31155
14247
25468
7390
57449
0
0
16481
10484
88708
17194
12253
102049
76169
0
61640
36222
70533
14972
29714
32252
54692
49505
5113
66777
53712
64458
33152
60884
178909
0
5069
18421
40053
8108
13876
25317
48385
7412
1621
45816
161182
9780
10694
71182
48234
24241
4154
91582
93529
68486
114553
84043
54360
80652
0
0
85815
85340
0
6096
13335
0
36109
96300
46003
89990
4156
7425
35968
0
158863
1325
0
66039
3649
12797
17616
0
0
0
168818
114089
12786
0
0
143610
25578
76647
52478
108700
161188
15154
33730
30050
8976
36542
75178
173716
9468
0
0
18019
40474
63810
19838
0
44871
21650
55875
26295
83865
186840
103684
193581
4582
87272
0
1008
71687
9098
114536
38272
144932
145814
24089
0
88871
0
101333
80261
0
20200
89029
0
74416
121160
0
46
0
10106
62076
2263
29284
119077
21675
1890
91145
146522
46114
12575
2598
41995
25165
35064
34208
11857
58549
28257
96614
9866
53212
0
2568
68684
7479
0
13783
152934
4592
130355
33732
153124
0
30565
32952
6954
4016
0
0
156961
166549
3659
178236
8494
107404
26966
9350
86591
55047
7834
0
56400
21667
25818
9082
48951
42114
17870
0
50682
0
3339
23695
79416
62
26787
0
58192
14547
31838
15195
24492
81937
8988
69500
94589
24563
107934
29175
152832
11780
2535
93498
2545
18495
262
28064
21432
0
0
27159
29769
128967
24320
38147
2383
30534
27522
17613
5226
55391
95346
48092
15243
29176
137320
31267
25597
143126
1872
7920
34020
31710
134562
920
2412
153400
0
79265
119019
57514
21800
14872
50558
17646
60020
567
19041
9328
7722
0
2211
125579
16805
6425
41994
0
54683
54098
31470
15659
16506
47345
30900
11630
120263
3894
80360
66202
69211
0
31641
0
43672
0
0
34158
15615
70379
18969
89131
73845
119603
48858
0
0
51967
69390
0
0
32967
0
16241
1152
1950
58162
814
0
6889
22776
42335
9268
49111
61221
117611
0
0
24641
133272
0
19981
26396
32438
42082
14070
63764
3340
49033
13789
15839
89873
0
79554
73044
11467
10672
23867
36394
32961
0
21060
19837
0
732
85333
40938
111816
63237
0
18650
53090
11421
155076
22777
20787
57970
29987
86315
52171
8673
0
45292
0
110568
3472
14962
0
0
16680
59859
223
31046
90796
29910
0
23906
28355
56693
23403
32454
62066
7490
0
26187
0
0
12140
7952
63314
77644
30800
200321
204
0
23765
0
150622
0
13378
14556
0
4694
31766
2896
98228
0
121327
5728
35558
169394
0
0
0
22341
27985
0
9987
84937
35830
0
29468
39641
42017
48305
8762
81905
159867
56179
15936
19653
2268
22523
11955
4522
6590
39634
33896
62493
24593
22363
57259
80396
0
43780
107696
53770
90065
32108
0
96996
0
0
102293
461
32796
19146
3716
20127
39020
105828
23930
11034
0
0
27244
109815
95288
43633
46067
2926
25627
34954
22968
2835
69464
24247
38200
0
73565
0
23810
0
0
40310
15219
19173
48686
69244
0
70627
103444
10296
42935
116462
19878
25338
0
79335
113888
17463
1614
0
25233
0
80506
4755
17633
53194
126198
19826
107599
0
14900
13329
15674
178703
31607
30672
25566
17112
14420
142033
153112
0
0
79970
0
92822
70060
22137
0
0
2856
32628
46300
21503
12940
0
63831
19419
0
171627
0
7724
0
0
57860
59178
34212
59316
1694
2134
0
15029
9300
0
112568
0
115625
58655
143468
103803
167131
106460
58144
4623
0
22654
17348
5351
24741
24855
53094
60097
78624
0
39132
0
30057
83243
0
39332
22152
182895
21617
0
0
30060
72
54961
10754
0
109348
28556
26671
64104
0
58779
89608
29583
96000
35180
44634
29148
31474
10823
23550
0
5972
11625
9077
42200
14
13896
3715
19711
676
16689
0
0
0
64430
135061
6507
53164
17722
25027
176911
27238
63037
132704
70231
134966
21191
69125
51508
27756
9809
11239
113640
29326
0
40120
22517
29692
118280
0
107420
21206
46143
16616
0
3231
108178
22910
25261
31011
507
30953
51873
45538
13394
41475
15322
28731
9603
0
76749
0
0
59061
18633
8636
60500
31141
45851
0
0
135353
22340
140396
35598
1182
0
45264
80224
29790
30194
0
17270
10296
0
4492
0
58630
40034
0
2994
78045
0
2802
20139
7818
75358
98870
160212
30495
18369
17040
30700
72829
24402
23166
10928
33724
8530
86554
3232
0
96568
57139
0
78666
21778
217
45786
99944
9168
0
0
30966
45450
52020
19390
81907
22908
96858
0
31756
27832
27079
15114
0
111939
84769
37302
663
90943
0
18536
68739
27930
13779
32518
6242
105424
17299
20975
79817
12138
44
5824
21279
0
7188
117739
54546
165017
7926
31420
31260
0
0
0
5523
30362
23990
29842
29810
56888
7726
68931
2098
119406
0
72911
0
59014
6580
21566
26790
99141
51402
3972
14748
46963
0
6695
0
71920
35494
73942
22305
14710
81129
5540
63945
110191
129422
30411
29758
5337
153920
5154
21200
193502
33354
65051
76818
55937
0
75395
58112
21868
0
0
28189
36897
3456
0
31897
130905
0
23402
0
179080
6580
61114
3474
26538
28872
17324
94180
29072
185909
95380
36249
90786
147362
0
42734
63228
36253
0
57556
106586
30321
76726
0
34304
0
25558
24494
74009
17796
0
14251
21556
151564
103323
8578
21607
0
36186
11906
0
9432
7399
2289
0
24305
168910
0
58524
0
37425
41356
51876
0
136035
106414
68583
25291
92895
40155
172491
0
56510
150770
0
7094
1065
80121
46683
20094
65608
5200
27480
35274
20823
179004
53413
30792
10406
35242
35077
45736
60135
30242
4916
27213
38250
0
28233
218827
7601
7979
5938
73007
23200
33036
26295
27429
61562
11473
12980
0
0
19333
0
35406
14685
21122
99835
56805
7212
81009
158469
36695
109389
99530
134133
43448
18348
5924
0
64741
0
42135
24060
69135
0
0
55590
37114
0
98624
3120
124655
0
39342
19231
90550
0
49202
116
95578
158928
37461
120635
11068
59744
152519
9460
10981
45515
23788
111222
6372
5288
29678
6649
52337
25132
77281
0
0
35658
14689
106214
17938
143349
39500
159275
54340
54081
121960
19472
20386
0
0
74580
998
14013
126697
2015
135084
19236
883
60481
20758
16000
70662
61411
59530
49666
33303
0
73480
0
77294
29999
29720
4386
0
99606
28098
28896
0
21972
66459
28683
14290
53228
0
19703
0
100261
3657
0
21323
24899
77627
41199
34618
126972
63710
40426
6737
13002
63358
14478
0
0
0
140210
27628
54929
17860
8296
0
4860
79484
0
83026
36795
95936
0
0
3569
162793
43690
0
0
70635
104
0
34710
52414
18900
14034
10281
0
12189
0
23455
50955
3048
82410
45285
107242
44033
9740
83098
0
83588
30258
31989
153074
24143
64998
5904
0
137808
138002
9
53415
67632
23440
0
0
0
59666
3826
0
101745
0
0
7532
20852
27570
116871
40109
63771
22856
4676
74103
0
23488
33625
1012
53910
101666
1345
0
0
106446
50440
38809
16157
96011
127137
2337
132622
154077
10573
0
13509
156845
4212
176008
21028
178669
0
0
85230
0
116252
172298
74818
31080
91710
8596
0
0
136587
64284
61632
19684
56032
143278
13792
24665
19957
24004
33724
0
30823
45644
0
34415
0
20184
58758
0
26875
0
152294
17724
0
0
23808
113973
3474
0
16466
5678
23484
1919
58754
52604
109830
41452
65501
7544
39358
18990
0
16508
10933
33732
0
25756
54517
26538
24104
0
0
34380
22100
79821
29226
104770
13410
133098
16744
147755
2863
30630
11308
26697
28738
0
92546
145133
2065
29777
26247
145449
36195
0
23065
162078
128737
0
61104
4900
0
0
90923
143397
18579
42483
0
0
6014
70225
30520
163043
637
72100
0
156486
4230
1148
77432
0
0
133922
12273
5414
0
0
0
24576
16955
15969
43832
4487
10683
57096
166602
0
37526
76394
18673
75887
16144
53595
0
16544
0
23977
65808
91903
25623
4017
2983
4604
20643
73984
0
0
101922
0
47083
112728
0
0
30912
34863
29599
34378
0
5634
0
70032
38150
4242
13484
0
0
107619
0
47208
87461
23764
10903
39978
50556
11637
0
492
27885
74986
0
31630
48931
0
6280
67047
0
90996
46451
110442
22013
18481
0
16300
38202
165444
4214
23253
44040
90980
29790
33282
28707
76023
24996
96988
27504
62638
55844
203242
20124
60282
21243
72781
94090
70450
107606
9339
3127
172106
10181
30
61542
26921
27592
25486
28005
18686
0
0
168906
32714
945
34360
40553
0
2292
5704
15830
40988
131184
7658
17625
32589
83018
101040
4409
120295
27222
55750
58605
0
19036
3079
52701
58458
18994
110221
0
96630
122448
102331
6999
992
11678
9768
0
54669
76048
0
36695
27864
83020
41313
166073
21434
25476
41575
99356
11923
51885
1804
48263
21656
0
0
106694
47649
24946
0
12099
61001
0
47778
0
56334
19365
106558
55208
22122
21834
73413
27619
104230
0
136711
0
18168
0
0
0
0
22818
41680
8086
90374
0
0
15765
8699
77379
2406
0
161735
70435
29017
55468
7080
51095
25524
9244
109984
19176
0
5794
3076
246
106056
97436
14963
5834
98770
14140
7047
0
12460
143210
36306
67444
0
100853
20246
74573
83043
3924
0
48240
40145
5590
0
11489
58139
63714
8714
70599
13143
132494
24220
28836
49799
122574
42793
0
14277
8346
8656
47039
9780
43596
91377
0
40886
50918
58662
0
0
107009
98698
85110
47054
22941
6473
27547
66306
0
0
13658
0
103860
25226
48729
55816
13068
0
142994
6171
23202
10293
127329
46004
14056
9890
0
3183
98463
36092
130848
0
0
25388
29592
18794
12536
0
0
21057
0
0
20558
11369
88984
6848
176369
50791
25800
34611
0
1759
9603
59710
22776
81708
7355
22807
14400
10703
0
6752
49879
4975
160761
0
5375
33284
3072
10374
50492
91725
15885
0
82414
9796
0
112488
160662
34381
61726
187506
29464
20686
2472
65044
0
0
206025
9604
0
29973
11422
0
95504
11710
78245
53341
75947
63648
145161
117646
41263
21079
36143
0
30446
5436
31819
2394
15742
0
42718
66796
0
8604
112036
91220
0
0
20897
28423
6415
74865
0
118739
46643
124210
4680
52996
104374
88399
58889
66620
19416
25238
0
113490
82792
53612
31505
25643
0
1068
0
43109
53212
58076
0
16384
7056
52888
0
26693
18444
31279
41612
0
19500
48736
0
22782
56355
0
195189
82308
2193
2238
32298
14595
437
6243
36226
64538
74173
0
56700
1497
80168
92887
10968
52927
76430
87841
38880
0
21650
25630
65196
31845
16150
6277
47301
0
26146
10862
83037
9756
18340
24149
27187
56853
51129
65245
13999
22886
49762
70730
44129
29940
105866
17748
154067
68984
12090
23666
86472
0
25239
1035
18690
2368
69732
199646
31480
75376
0
26488
72480
0
27789
0
78819
16688
134867
1918
52589
40438
34866
86500
54222
0
16671
21421
0
24452
11550
69554
45228
72223
32490
0
0
18549
0
31015
30781
0
55927
53696
56938
0
83562
4897
51424
0
39933
134519
27837
14881
87784
122147
31515
149151
0
39466
0
39128
5132
48832
136100
0
0
33143
7020
736
0
78248
25167
0
28976
9957
66392
52620
36196
64544
6135
1616
61833
20150
23180
2858
0
34494
104505
30193
5633
56083
3920
152467
58117
23042
40068
0
53144
28692
23236
134821
29274
9720
104334
72833
74475
61670
3481
32338
87879
38416
32827
59154
60480
40968
35264
34145
65159
6606
23995
0
84282
89815
21574
0
23370
32491
0
43977
0
0
16800
80372
11264
769
36774
39367
16096
40735
16446
93984
2556
57648
0
1436
28094
126550
0
48218
76809
50966
31398
31813
29576
19534
138493
0
0
59772
0
3700
161388
93872
20462
135991
13594
96324
24125
22656
10693
72220
9426
49212
73749
30284
0
131882
0
17351
24850
55737
139404
4167
52317
16061
5488
5464
133278
58190
8351
61293
43351
0
75746
86402
0
8181
24695
6159
23694
21764
57165
109785
60295
57980
55825
45167
23842
100508
46244
47718
114169
132085
72153
113528
85894
114908
14425
37520
0
10151
17270
55370
93647
0
0
31905
0
92743
78857
25132
78585
64342
22928
0
72057
20563
53831
75150
43090
31312
0
62417
12959
86578
154103
4312
90553
13707
13132
50548
97535
75696
13988
17641
0
12716
28332
52791
8980
66104
10471
60933
0
0
27337
179870
35160
74581
67815
0
63891
0
0
5703
11084
127284
131474
9551
0
12716
0
105739
67550
108232
226
176662
42934
8148
44588
103702
127409
51580
27985
63846
66293
107639
38102
2284
93989
10204
14806
9422
3932
118626
56238
57839
11386
1644
175335
11248
36043
0
6932
135002
27565
117264
42932
89479
62994
0
14872
18082
2656
0
32567
124847
46872
17272
0
42521
112498
2894
21714
103539
59799
128264
12044
25089
1580
0
123858
43392
2388
73335
719
93587
13185
48755
103753
79947
26498
234
29685
12919
5996
32441
69455
37508
0
118406
77571
31649
67588
94736
0
21987
13794
2682
36570
25836
6721
92600
7610
221879
0
0
35181
21876
69598
0
113256
88664
115309
10332
33131
0
149619
6490
117433
17799
1156
36384
15333
2013
28211
61722
56956
52746
0
35500
52923
0
0
128364
131074
5407
91959
0
16587
63166
12518
30545
38679
10106
0
52560
41145
13624
0
264
14120
94992
33276
67417
106456
15430
114166
8721
0
25374
0
90886
91446
39940
80925
0
1158
109115
58256
19825
0
80054
6373
16399
77522
47372
0
106952
149299
94158
4704
12658
42219
32208
35373
82286
105574
64298
0
72345
15234
6301
20181
80670
204217
154239
40476
63201
59373
49543
34778
0
43902
126534
144897
108988
80996
1445
12517
0
17774
8332
2227
166575
53569
0
1310
132383
84130
55328
16550
36578
0
0
52731
56479
26360
0
0
21068
17917
66588
0
26970
41091
18010
27114
0
18150
12499
0
139125
67196
80483
78106
25448
143620
1990
0
16750
64239
0
6241
3700
5098
40590
46949
23724
24388
23604
0
10793
56637
25976
24789
15649
0
30824
143642
19633
66711
1497
28930
14998
360
73962
69726
74224
18566
0
0
29507
0
34869
0
184702
124
34748
25931
0
121092
81497
0
30701
19326
24409
54412
0
109245
0
99414
16976
146703
81027
613
67650
20439
0
64420
64164
171192
33512
15255
139548
24398
12039
0
0
6406
508
78002
8834
5572
98
12046
27458
0
0
82674
115680
21411
62514
0
59425
7155
19087
31998
13114
0
173982
28879
0
59956
46564
1588
15912
0
24964
88248
0
5626
15383
0
73204
11174
0
132674
30988
41495
58279
0
21453
0
88969
8072
89214
13056
27675
40859
0
0
32746
17125
101559
0
46746
0
59416
153419
0
0
8947
16054
36250
109584
158016
13707
80694
596
24130
92486
84369
147838
108176
5258
5624
4876
121244
47688
38922
161564
14543
17649
10956
40970
10561
49707
6371
18100
18102
0
6950
21789
0
18597
135665
0
14092
13900
16305
21092
54016
44696
29700
8826
35005
95449
0
116865
0
18413
26192
34978
56097
111173
0
0
45884
77800
21275
41668
88506
32820
123348
157862
85967
0
80578
150408
0
13476
0
15282
49791
83716
45118
58416
32368
14074
0
7552
0
28810
18594
105578
0
0
5023
0
50795
0
33330
30236
12558
4700
14284
1099
0
85361
14621
58696
48761
41794
32301
107635
41364
310
5989
0
21602
22882
156925
159871
39138
0
130933
18250
29038
74067
8877
6270
43980
3511
16167
51340
152690
51743
0
1350
79459
8335
24124
24315
0
24365
0
0
23372
78710
151874
37379
71391
69194
63126
24940
47235
5255
544
0
13865
33674
0
6290
0
74515
19167
29815
140909
138200
7368
19211
0
72525
0
11159
4979
0
9780
35604
14200
92475
60162
33676
188495
36224
16818
0
0
65785
0
9113
3000
118896
8
627
33302
19108
0
41970
0
69468
102747
24012
57081
27198
158857
4676
26687
25149
1536
8699
2495
20784
30064
32965
63591
7770
4396
57720
45070
6111
58265
55654
88260
12807
112234
552
0
7842
15786
2454
54349
17561
21416
5517
8737
9076
0
3460
31579
74042
42954
136841
4872
33688
111552
82261
74013
64640
41975
24602
67320
49907
17428
60882
28340
19534
0
106117
42577
28916
0
51
23088
71096
2034
160377
13353
128725
10085
15880
57012
52929
0
14591
71164
25005
91723
24614
15349
89418
8648
43917
85525
120438
45152
102019
137509
64684
24346
40523
24495
58292
64518
38913
0
9824
11354
123925
7516
19092
0
0
38630
23762
90739
3268
26544
46206
0
99679
88291
3040
51090
10657
71610
126874
113323
58607
946
125499
17597
36614
12012
11777
45270
18662
32556
75688
12416
1303
71453
1860
32780
24892
1737
81097
30131
0
9333
77157
30973
1208
52642
0
0
8589
34836
15247
48857
57757
44746
0
28398
758
82518
3670
41125
60407
26623
0
169399
107776
34654
0
3546
12353
35682
56464
62056
24438
54423
5380
94974
48602
9153
2948
25037
88074
31047
93758
0
0
22485
44742
3993
14187
28282
0
10803
13594
0
83236
5576
0
49488
83778
43818
4549
29104
26974
76418
129126
71469
50616
22269
17992
25925
17097
0
3016
32641
107289
64416
4281
55041
3786
55667
0
29540
6157
11981
47532
168558
97737
11386
13319
103432
0
10910
0
15288
47940
146215
137756
5306
4652
23111
0
4888
0
0
13921
106098
156785
71232
6250
101363
50908
7862
24859
71834
25268
28060
42498
107521
0
19878
24986
53781
28764
0
14371
41756
0
55294
92853
124040
0
89272
75417
45770
64460
89878
13105
21024
1692
13646
13183
13987
10614
103720
3667
70218
18056
38900
117463
1246
94752
16339
126350
53312
1666
83779
133710
90458
52227
74214
44636
0
115990
59104
118836
74357
46232
53759
26603
185644
21492
6208
52750
59032
736
94640
4625
20594
22332
1793
126827
0
13480
3311
0
86703
87552
80331
101180
19603
0
0
40400
82084
2424
0
18827
0
21643
30905
100398
11232
131886
92926
44320
65658
106625
2212
10878
195420
8112
4358
53469
3034
38113
48227
100351
3996
140971
18443
11432
15891
31810
27684
5514
168163
55345
135431
112791
392
23661
70075
3876
22760
117873
71037
20396
21164
0
104122
10866
9068
58454
19122
56783
86763
77720
133584
125354
50546
0
20587
138278
26475
23144
49593
1917
44139
90407
0
916
1613
57615
3763
15523
116436
98080
0
27129
11493
66549
6789
75469
28303
147052
5756
3860
1834
3783
20585
28476
0
0
138812
7184
5842
42972
0
42947
7731
40418
93972
142542
57545
99491
25419
3952
58661
91515
21326
13346
0
66724
61282
141452
41745
146883
73398
13975
21488
53676
34368
35774
34434
5748
47530
1474
20086
45151
8424
50190
3215
0
119039
160
81489
82970
11213
74973
31458
38685
51774
83059
60937
0
620
19914
49359
72331
23128
118450
42148
132904
57624
44604
0
10064
917
70838
15774
0
0
59154
95121
9820
15499
156331
82463
4379
10293
581
40057
14970
20664
118038
33671
2002
65347
75828
0
0
147016
141488
17475
0
0
314
30645
19128
1895
105389
132393
95386
12300
4566
3671
88139
78302
29520
28632
33072
23550
56159
56400
17984
19834
34108
0
0
6412
7004
24012
7929
21518
39332
26841
0
34080
8362
0
967
12696
7818
43936
35214
20036
70020
22428
11945
52410
85330
45515
20021
14042
12846
54736
5776
47924
65452
0
57046
0
28856
20086
90417
62432
98422
0
19105
121984
0
115992
32073
55909
50691
124156
0
32973
113009
200534
93949
21010
59544
0
158016
39288
93616
76991
108520
10802
42775
23547
42507
0
0
108334
101964
16359
0
81001
28296
18829
0
57930
928
57797
19495
129
1836
0
59239
65226
31265
42962
49084
33916
89922
0
993
34186
42893
1548
0
0
1212
103904
36996
9719
56010
90044
136701
0
131178
36809
12778
14184
52272
93180
83641
0
75295
0
420
44539
74786
29629
60537
0
94788
8372
0
104849
0
19066
118979
29310
0
0
89236
104891
115248
1990
0
62
44290
40618
104184
11637
0
90054
31126
174980
53541
29672
44470
46023
55984
75681
33501
0
106004
78503
0
14400
0
74217
12584
8300
22681
5653
10825
113388
23187
101260
42242
69550
52938
14438
5749
82516
0
26346
149245
57602
17224
65210
0
135391
13000
18247
37035
52059
5284
106822
4908
88378
81654
63045
18838
104886
10567
6852
20319
89084
63013
2062
0
0
20264
79677
186682
12430
0
4018
82925
0
116028
141724
0
71989
42048
16744
0
11528
25691
0
22673
26584
126951
0
3861
0
92660
3113
6136
19636
10868
3390
8219
33687
44117
30864
20524
109026
105805
18862
21055
83577
2284
26795
2016
70601
256
6967
106957
81472
29026
0
34964
0
26519
45524
47520
76059
27539
0
0
46288
10328
30952
0
152458
85098
0
1597
0
19277
8740
12535
11329
6273
48374
0
111148
56564
0
0
0
0
0
0
5328
1774
0
129450
31818
0
22173
52718
95436
31371
67475
1710
0
30431
79732
138698
74885
57608
3870
35296
9347
0
0
410
3943
0
0
8977
1674
0
41317
0
0
71913
20302
21267
67775
0
20188
0
13940
131600
57384
27934
79345
149565
21649
63608
60606
134499
76626
27114
2751
35073
105730
75985
179200
32598
32703
15860
6779
12285
50898
22686
76533
36684
121820
24484
71710
2511
44127
11074
5514
0
61250
9709
0
10752
4004
54951
9668
45599
66018
12637
0
0
97196
0
16589
66756
24238
25398
43356
57309
0
0
141313
56244
39506
78670
1028
122163
63326
0
0
109412
56045
0
27090
0
1644
46821
0
23879
30631
44490
2070
0
27132
34510
0
14060
50495
130480
48002
2600
7359
41065
17996
15574
5432
69988
0
19973
117997
74246
27024
0
0
50435
16539
63704
64815
31163
3786
34420
0
13374
0
23282
0
8607
43622
0
22856
115529
17788
31757
138509
44609
20822
1878
27799
55560
19183
104231
29854
10551
31200
18628
95430
6702
35208
186874
29940
0
184434
31708
24895
41010
33182
126012
44881
104216
5952
17459
115382
2397
75126
75565
86347
81310
6230
3854
33145
42500
9170
116722
9825
26196
10228
25719
134292
5200
57267
4939
55234
0
98665
56591
90474
0
20444
30028
26580
8204
0
42114
22005
67391
104568
13142
92730
8668
1350
53137
62190
0
21296
105720
65293
0
20896
20670
22336
23073
51028
0
10027
76719
18076
3195
81334
21186
100822
19902
35939
0
59560
0
56548
67316
49420
122118
44892
41664
82432
64627
51286
0
130667
7537
204917
19746
41762
48943
107048
3570
27924
0
22805
30317
28618
2117
10035
25390
34189
76849
3019
12181
59387
142921
74503
62468
12388
0
29763
42508
34875
11933
117476
3538
128783
0
85056
29140
0
0
59940
77118
22967
10756
144978
1721
14903
34838
0
0
0
0
2626
42605
122553
25220
0
72260
25025
0
26307
25668
0
86698
40426
73997
0
51683
122198
91584
61880
57329
3652
11739
90801
34756
0
18214
10597
77898
71061
68727
121548
0
30530
424
68421
19092
42647
178668
0
57680
19346
49452
85118
3672
28667
54290
47308
0
44652
45205
76557
27080
75665
129042
0
34560
40388
42132
91536
66606
0
12302
12829
24242
171073
50984
12910
64922
153916
37272
0
0
91695
47674
40234
18889
2360
215452
0
13672
0
0
99308
7463
33265
134822
0
6738
33082
75922
1122
88136
97864
72579
44538
0
76866
51770
17833
0
117080
39377
41524
25828
106400
163803
95588
15127
46078
28337
0
12904
147754
209485
0
0
16314
20169
29979
0
93855
46867
60652
16060
72474
0
97200
3533
59500
46536
60044
13022
61238
50514
0
16440
74973
22722
88323
0
6921
0
13650
22501
85568
21770
55916
32386
8408
7169
0
33958
9835
0
9932
59645
27306
78408
62319
34495
43280
22671
12220
16192
0
0
54046
14144
110957
144808
95600
10793
57276
0
0
4771
67209
28210
0
0
62790
145327
70255
21879
0
122187
111968
5294
7987
1826
20738
36465
94452
0
0
44972
63804
22587
982
0
105356
18183
51645
3670
48951
41698
0
132619
89015
36537
85205
7370
36333
25826
12978
87784
56015
137752
9095
52524
79288
166303
20188
47494
46330
35374
1
7725
20316
28588
13718
93183
0
32193
17106
67776
0
45663
92948
95030
24819
24896
77147
40838
62835
50674
2320
0
19089
0
71214
35599
3224
31972
2812
16226
65637
96686
23763
12455
120665
0
17830
44249
0
0
35482
0
46794
30301
62136
0
0
62171
26061
35326
5624
55316
38112
19982
37614
0
0
162137
30797
58926
0
0
13398
0
8046
20904
123534
53164
67785
460
27000
51335
49922
154955
656
25724
13455
56854
30121
21951
74076
20778
18877
71620
131747
16941
5702
7858
52588
138018
66234
12870
24450
82137
25756
72696
9246
63577
48520
639
90280
9206
8023
12063
13920
7949
70044
177844
49452
10288
19564
39450
6143
30545
86727
26494
22911
70695
13403
696
0
447
20970
145659
44692
44916
332
129089
90840
0
16776
67386
8798
72032
4722
71965
126558
95876
0
114397
71322
409
15206
42426
0
81604
57079
54202
3858
58601
10226
115072
57804
51386
82458
30924
4661
16488
112765
53816
0
12962
1823
118874
11824
8622
109985
12519
64251
0
0
9888
14277
188259
4929
0
0
59052
48255
188573
26496
11961
198459
17034
0
0
3245
42380
25572
13500
9386
38948
57964
14683
1017
0
16695
2545
8025
74577
49387
4273
39856
23091
8415
131859
8279
159215
42391
93636
9154
30909
60439
21606
5364
123453
0
26058
69517
82298
1375
0
134670
29784
14264
27570
146177
183011
0
10762
29408
154908
44148
28113
57489
60618
30735
52560
0
20655
21330
6686
133125
29064
31071
38477
25778
61192
6758
0
31796
111771
0
1058
31018
76438
66269
45483
612
116592
0
46844
8870
161730
4253
189678
19959
60063
45108
19405
0
9445
140047
0
24895
86165
2724
11648
0
0
6061
900
174180
137888
26742
84917
9150
0
25062
15099
115423
31048
104760
0
0
15956
29289
33144
8422
11096
45760
26242
8028
55049
153440
31846
34448
0
0
0
127265
13711
52680
8480
17163
10777
757
2903
48162
7114
9084
47158
95095
18386
54279
20004
30257
49596
24773
121244
0
5224
22832
5756
16692
14590
25003
20706
8577
21365
65507
22829
35400
74951
86378
122868
27816
0
19944
152979
26773
5167
21261
71832
6665
1074
92733
10479
767
118087
33962
0
38206
30055
6732
33022
0
66204
56115
29708
0
0
0
81896
96902
90180
12458
8673
10834
15148
0
64956
122469
26935
131496
21885
4731
21189
15380
82780
129032
0
1138
18447
61819
120694
66139
89850
70581
28568
0
125195
15686
75433
193231
0
163773
0
25126
0
108083
17026
11004
32438
46928
14011
0
30470
65920
30541
26320
6283
0
44061
0
0
76930
83676
4230
2782
0
137656
32177
147674
11876
1251
3640
103875
0
19165
107033
0
0
99106
3447
11670
92626
876
32800
30612
0
0
71328
0
17791
0
94285
18758
102991
19651
26698
51456
24315
6083
82577
0
20057
91488
113322
83008
112038
4671
34552
10131
107966
13922
74672
14824
193789
8996
120594
4851
138101
91335
84760
31952
30603
255
0
8536
1170
12578
0
58283
117310
385
0
26542
149120
208510
55529
5842
22815
78105
0
45833
59103
12022
31523
63714
3113
2932
17762
58568
0
11762
66726
157380
66051
60768
56786
133272
22300
0
113402
0
16000
95670
28829
111477
43000
162999
84747
82806
111138
63238
0
1538
21499
37106
0
79463
0
120405
91159
5273
7631
1907
11332
39594
22058
1294
9138
80499
52788
25209
41613
23500
11254
4909
115724
68192
67044
8661
18770
60428
68804
59462
25493
139548
0
18196
7673
40320
29861
67032
17632
0
0
202748
14066
31659
42024
290
46071
60801
64830
0
113931
0
21651
49990
68384
135820
55828
10436
8736
16020
1208
0
8655
28786
14986
67375
113485
114687
4949
1160
0
22067
75574
124998
0
54459
13195
5252
68274
24822
22669
2813
54948
294
70927
9152
17153
9240
0
0
76621
0
22852
67372
64406
553
35160
27905
0
78563
144084
0
54740
44975
117050
11614
69003
104967
0
39546
52189
83030
73340
115616
76040
0
161748
79389
0
0
39020
11609
42440
158178
11135
97330
106981
84967
3450
0
148835
7104
153335
33992
0
0
24320
9447
47733
972
0
0
46325
33499
0
540
46644
105459
64139
1844
21771
28946
19735
98770
968
0
94287
75409
5403
0
5131
32403
0
102574
6717
58856
43462
109921
33534
93567
45920
14623
0
24416
71223
67992
37739
69523
31600
18593
624
0
122904
220038
0
24188
0
3120
36018
4111
125885
76127
76525
36466
9222
123448
0
18509
19773
188
84342
0
122247
0
0
3523
45952
129835
16625
95656
0
78861
45066
5356
0
0
0
74018
89
19748
36435
10253
2181
48360
0
6891
165017
72160
2370
42780
92818
19179
